0000011001001000 0000001010001111 0111111111111111
0001001011001000 0000010100011110 0111111111111111
0001001011001000 0000011110101101 0111111111111111
0001111100011010 0000101000111100 0111111111111111
0010101100011111 0000110011001011 0111111111111111
0010101100011111 0000111101011010 0111111111111111
0011011010111010 0001000111101001 0111111111111111
0100000111001110 0001010001111000 0111111111111111
0100000111001110 0001011100000111 0111111111111111
0100110001000000 0001100110010110 0111111111111111
0101010111110110 0001110000100101 0111111111111111
0101010111110110 0001111010110100 0111111111111111
0101111011010111 0010000101000011 0111111111111111
0101111011010111 0010001111010010 0111111111111111
0110011011010000 0010011001100001 0111111111111111
0110110111001010 0010100011110000 0111111111111111
0110110111001010 0010101101111111 0111111111111111
0111001110110110 0010111000001110 0111111111111111
0111100010000101 0011000010011101 0111111111111111
0111100010000101 0011001100101100 0111111111111111
0111110000101010 0011010110111011 0111111111111111
0111111010011101 0011100001001010 0111111111111111
0111111010011101 0011101011011001 0111111111111111
0111111111011001 0011110101101000 0111111111111111
0111111111011001 0011111111110111 0111111111111111
0111111111011001 0100001010000110 0111111111111111
0111111010011101 0100010100010101 0111111111111111
0111111010011101 0100011110100100 0111111111111111
0111110000101010 0100101000110011 0111111111111111
0111100010000101 0100110011000010 0111111111111111
0111100010000101 0100111101010001 0111111111111111
0111001110110110 0101000111100000 0111111111111111
0110110111001010 0101010001101111 0111111111111111
0110110111001010 0101011011111110 0111111111111111
0110011011010000 0101100110001101 0111111111111111
0101111011010111 0101110000011100 0111111111111111
0101111011010111 0101111010101011 0111111111111111
0101010111110110 0110000100111010 0111111111111111
0101010111110110 0110001111001001 0111111111111111
0100110001000000 0110011001011000 0111111111111111
0100000111001110 0110100011100111 0111111111111111
0100000111001110 0110101101110110 0111111111111111
0011011010111010 0110111000000101 0111111111111111
0010101100011111 0111000010010100 0111111111111111
0010101100011111 0111001100100011 0111111111111111
0001111100011010 0111010110110010 0111111111111111
0001001011001000 0111100001000001 0111111111111111
0001001011001000 0111101011010000 0111111111111111
0000011001001000 0111110101011111 0111111111111111
0000011001001000 0111111111101110 0111111111111111
1111100110111000 1000001001111101 1000000000000001
1110110100111000 1000010100001100 1000000000000001
1110110100111000 1000011110011011 1000000000000001
1110000011100110 1000101000101010 1000000000000001
1101010011100001 1000110010111001 1000000000000001
1101010011100001 1000111101001000 1000000000000001
1100100101000110 1001000111010111 1000000000000001
1011111000110010 1001010001100110 1000000000000001
1011111000110010 1001011011110101 1000000000000001
1011001111000000 1001100110000100 1000000000000001
1010101000001010 1001110000010011 1000000000000001
1010101000001010 1001111010100010 1000000000000001
1010000100101001 1010000100110001 1000000000000001
1010000100101001 1010001111000000 1000000000000001
1001100100110000 1010011001001111 1000000000000001
1001001000110110 1010100011011110 1000000000000001
1001001000110110 1010101101101101 1000000000000001
1000110001001010 1010110111111100 1000000000000001
1000011101111011 1011000010001011 1000000000000001
1000011101111011 1011001100011010 1000000000000001
1000001111010110 1011010110101001 1000000000000001
1000000101100011 1011100000111000 1000000000000001
1000000101100011 1011101011000111 1000000000000001
1000000000100111 1011110101010110 1000000000000001
1000000000100111 1011111111100101 1000000000000001
1000000000100111 1100001001110100 1000000000000001
1000000101100011 1100010100000011 1000000000000001
1000000101100011 1100011110010010 1000000000000001
1000001111010110 1100101000100001 1000000000000001
1000011101111011 1100110010110000 1000000000000001
1000011101111011 1100111100111111 1000000000000001
1000110001001010 1101000111001110 1000000000000001
1001001000110110 1101010001011101 1000000000000001
1001001000110110 1101011011101100 1000000000000001
1001100100110000 1101100101111011 1000000000000001
1010000100101001 1101110000001010 1000000000000001
1010000100101001 1101111010011001 1000000000000001
1010101000001010 1110000100101000 1000000000000001
1010101000001010 1110001110110111 1000000000000001
1011001111000000 1110011001000110 1000000000000001
1011111000110010 1110100011010101 1000000000000001
1011111000110010 1110101101100100 1000000000000001
1100100101000110 1110110111110011 1000000000000001
1101010011100001 1111000010000010 1000000000000001
1101010011100001 1111001100010001 1000000000000001
1110000011100110 1111010110100000 1000000000000001
1110110100111000 1111100000101111 1000000000000001
1110110100111000 1111101010111110 1000000000000001
1111100110111000 1111110101001101 1000000000000001
1111100110111000 1111111111011100 1000000000000001
0000011001001000 0000001001101011 0111111111111111
0001001011001000 0000010011111010 0111111111111111
0001001011001000 0000011110001001 0111111111111111
0001111100011010 0000101000011000 0111111111111111
0010101100011111 0000110010100111 0111111111111111
0010101100011111 0000111100110110 0111111111111111
0011011010111010 0001000111000101 0111111111111111
0100000111001110 0001010001010100 0111111111111111
0100000111001110 0001011011100011 0111111111111111
0100110001000000 0001100101110010 0111111111111111
0101010111110110 0001110000000001 0111111111111111
0101010111110110 0001111010010000 0111111111111111
0101111011010111 0010000100011111 0111111111111111
0101111011010111 0010001110101110 0111111111111111
0110011011010000 0010011000111101 0111111111111111
0110110111001010 0010100011001100 0111111111111111
0110110111001010 0010101101011011 0111111111111111
0111001110110110 0010110111101010 0111111111111111
0111100010000101 0011000001111001 0111111111111111
0111100010000101 0011001100001000 0111111111111111
0111110000101010 0011010110010111 0111111111111111
0111111010011101 0011100000100110 0111111111111111
0111111010011101 0011101010110101 0111111111111111
0111111111011001 0011110101000100 0111111111111111
0111111111011001 0011111111010011 0111111111111111
0111111111011001 0100001001100010 0111111111111111
0111111010011101 0100010011110001 0111111111111111
0111111010011101 0100011110000000 0111111111111111
0111110000101010 0100101000001111 0111111111111111
0111100010000101 0100110010011110 0111111111111111
0111100010000101 0100111100101101 0111111111111111
0111001110110110 0101000110111100 0111111111111111
0110110111001010 0101010001001011 0111111111111111
0110110111001010 0101011011011010 0111111111111111
0110011011010000 0101100101101001 0111111111111111
0110011011010000 0101101111111000 0111111111111111
0101111011010111 0101111010000111 0111111111111111
0101010111110110 0110000100010110 0111111111111111
0101010111110110 0110001110100101 0111111111111111
0100110001000000 0110011000110100 0111111111111111
0100000111001110 0110100011000011 0111111111111111
0100000111001110 0110101101010010 0111111111111111
0011011010111010 0110110111100001 0111111111111111
0010101100011111 0111000001110000 0111111111111111
0010101100011111 0111001011111111 0111111111111111
0001111100011010 0111010110001110 0111111111111111
0001001011001000 0111100000011101 0111111111111111
0001001011001000 0111101010101100 0111111111111111
0000011001001000 0111110100111011 0111111111111111
0000011001001000 0111111111001010 0111111111111111
1111100110111000 1000001001011001 1000000000000001
1110110100111000 1000010011101000 1000000000000001
1110110100111000 1000011101110111 1000000000000001
1110000011100110 1000101000000110 1000000000000001
1101010011100001 1000110010010101 1000000000000001
1101010011100001 1000111100100100 1000000000000001
1100100101000110 1001000110110011 1000000000000001
1011111000110010 1001010001000010 1000000000000001
1011111000110010 1001011011010001 1000000000000001
1011001111000000 1001100101100000 1000000000000001
1011001111000000 1001101111101111 1000000000000001
1010101000001010 1001111001111110 1000000000000001
1010000100101001 1010000100001101 1000000000000001
1010000100101001 1010001110011100 1000000000000001
1001100100110000 1010011000101011 1000000000000001
1001001000110110 1010100010111010 1000000000000001
1001001000110110 1010101101001001 1000000000000001
1000110001001010 1010110111011000 1000000000000001
1000011101111011 1011000001100111 1000000000000001
1000011101111011 1011001011110110 1000000000000001
1000001111010110 1011010110000101 1000000000000001
1000000101100011 1011100000010100 1000000000000001
1000000101100011 1011101010100011 1000000000000001
1000000000100111 1011110100110010 1000000000000001
1000000000100111 1011111111000001 1000000000000001
1000000000100111 1100001001010000 1000000000000001
1000000101100011 1100010011011111 1000000000000001
1000000101100011 1100011101101110 1000000000000001
1000001111010110 1100100111111101 1000000000000001
1000011101111011 1100110010001100 1000000000000001
1000011101111011 1100111100011011 1000000000000001
1000110001001010 1101000110101010 1000000000000001
1001001000110110 1101010000111001 1000000000000001
1001001000110110 1101011011001000 1000000000000001
1001100100110000 1101100101010111 1000000000000001
1001100100110000 1101101111100110 1000000000000001
1010000100101001 1101111001110101 1000000000000001
1010101000001010 1110000100000100 1000000000000001
1010101000001010 1110001110010011 1000000000000001
1011001111000000 1110011000100010 1000000000000001
1011111000110010 1110100010110001 1000000000000001
1011111000110010 1110101101000000 1000000000000001
1100100101000110 1110110111001111 1000000000000001
1101010011100001 1111000001011110 1000000000000001
1101010011100001 1111001011101101 1000000000000001
1110000011100110 1111010101111100 1000000000000001
1110110100111000 1111100000001011 1000000000000001
1110110100111000 1111101010011010 1000000000000001
1111100110111000 1111110100101001 1000000000000001
1111100110111000 1111111110111000 1000000000000001
0000011001001000 0000001001000111 0111111111111111
0001001011001000 0000010011010110 0111111111111111
0001001011001000 0000011101100101 0111111111111111
0001111100011010 0000100111110100 0111111111111111
0010101100011111 0000110010000011 0111111111111111
0010101100011111 0000111100010010 0111111111111111
0011011010111010 0001000110100001 0111111111111111
0100000111001110 0001010000110000 0111111111111111
0100000111001110 0001011010111111 0111111111111111
0100110001000000 0001100101001110 0111111111111111
0100110001000000 0001101111011101 0111111111111111
0101010111110110 0001111001101100 0111111111111111
0101111011010111 0010000011111011 0111111111111111
0101111011010111 0010001110001010 0111111111111111
0110011011010000 0010011000011001 0111111111111111
0110110111001010 0010100010101000 0111111111111111
0110110111001010 0010101100110111 0111111111111111
0111001110110110 0010110111000110 0111111111111111
0111100010000101 0011000001010101 0111111111111111
0111100010000101 0011001011100100 0111111111111111
0111110000101010 0011010101110011 0111111111111111
0111111010011101 0011100000000010 0111111111111111
0111111010011101 0011101010010001 0111111111111111
0111111111011001 0011110100100000 0111111111111111
0111111111011001 0011111110101111 0111111111111111
0111111111011001 0100001000111110 0111111111111111
0111111010011101 0100010011001101 0111111111111111
0111111010011101 0100011101011100 0111111111111111
0111110000101010 0100100111101011 0111111111111111
0111100010000101 0100110001111010 0111111111111111
0111100010000101 0100111100001001 0111111111111111
0111001110110110 0101000110011000 0111111111111111
0110110111001010 0101010000100111 0111111111111111
0110110111001010 0101011010110110 0111111111111111
0110011011010000 0101100101000101 0111111111111111
0110011011010000 0101101111010100 0111111111111111
0101111011010111 0101111001100011 0111111111111111
0101010111110110 0110000011110010 0111111111111111
0101010111110110 0110001110000001 0111111111111111
0100110001000000 0110011000010000 0111111111111111
0100000111001110 0110100010011111 0111111111111111
0100000111001110 0110101100101110 0111111111111111
0011011010111010 0110110110111101 0111111111111111
0010101100011111 0111000001001100 0111111111111111
0010101100011111 0111001011011011 0111111111111111
0001111100011010 0111010101101010 0111111111111111
0001111100011010 0111011111111001 0111111111111111
0001001011001000 0111101010001000 0111111111111111
0000011001001000 0111110100010111 0111111111111111
0000011001001000 0111111110100110 0111111111111111
1111100110111000 1000001000110101 1000000000000001
1110110100111000 1000010011000100 1000000000000001
1110110100111000 1000011101010011 1000000000000001
1110000011100110 1000100111100010 1000000000000001
1101010011100001 1000110001110001 1000000000000001
1101010011100001 1000111100000000 1000000000000001
1100100101000110 1001000110001111 1000000000000001
1011111000110010 1001010000011110 1000000000000001
1011111000110010 1001011010101101 1000000000000001
1011001111000000 1001100100111100 1000000000000001
1011001111000000 1001101111001011 1000000000000001
1010101000001010 1001111001011010 1000000000000001
1010000100101001 1010000011101001 1000000000000001
1010000100101001 1010001101111000 1000000000000001
1001100100110000 1010011000000111 1000000000000001
1001001000110110 1010100010010110 1000000000000001
1001001000110110 1010101100100101 1000000000000001
1000110001001010 1010110110110100 1000000000000001
1000011101111011 1011000001000011 1000000000000001
1000011101111011 1011001011010010 1000000000000001
1000001111010110 1011010101100001 1000000000000001
1000001111010110 1011011111110000 1000000000000001
1000000101100011 1011101001111111 1000000000000001
1000000000100111 1011110100001110 1000000000000001
1000000000100111 1011111110011101 1000000000000001
1000000000100111 1100001000101100 1000000000000001
1000000101100011 1100010010111011 1000000000000001
1000000101100011 1100011101001010 1000000000000001
1000001111010110 1100100111011001 1000000000000001
1000011101111011 1100110001101000 1000000000000001
1000011101111011 1100111011110111 1000000000000001
1000110001001010 1101000110000110 1000000000000001
1001001000110110 1101010000010101 1000000000000001
1001001000110110 1101011010100100 1000000000000001
1001100100110000 1101100100110011 1000000000000001
1001100100110000 1101101111000010 1000000000000001
1010000100101001 1101111001010001 1000000000000001
1010101000001010 1110000011100000 1000000000000001
1010101000001010 1110001101101111 1000000000000001
1011001111000000 1110010111111110 1000000000000001
1011111000110010 1110100010001101 1000000000000001
1011111000110010 1110101100011100 1000000000000001
1100100101000110 1110110110101011 1000000000000001
1101010011100001 1111000000111010 1000000000000001
1101010011100001 1111001011001001 1000000000000001
1110000011100110 1111010101011000 1000000000000001
1110000011100110 1111011111100111 1000000000000001
1110110100111000 1111101001110110 1000000000000001
1111100110111000 1111110100000101 1000000000000001
1111100110111000 1111111110010100 1000000000000001
0000011001001000 0000001000100011 0111111111111111
0001001011001000 0000010010110010 0111111111111111
0001001011001000 0000011101000001 0111111111111111
0001111100011010 0000100111010000 0111111111111111
0010101100011111 0000110001011111 0111111111111111
0010101100011111 0000111011101110 0111111111111111
0011011010111010 0001000101111101 0111111111111111
0100000111001110 0001010000001100 0111111111111111
0100000111001110 0001011010011011 0111111111111111
0100110001000000 0001100100101010 0111111111111111
0100110001000000 0001101110111001 0111111111111111
0101010111110110 0001111001001000 0111111111111111
0101111011010111 0010000011010111 0111111111111111
0101111011010111 0010001101100110 0111111111111111
0110011011010000 0010010111110101 0111111111111111
0110110111001010 0010100010000100 0111111111111111
0110110111001010 0010101100010011 0111111111111111
0111001110110110 0010110110100010 0111111111111111
0111100010000101 0011000000110001 0111111111111111
0111100010000101 0011001011000000 0111111111111111
0111110000101010 0011010101001111 0111111111111111
0111110000101010 0011011111011110 0111111111111111
0111111010011101 0011101001101101 0111111111111111
0111111111011001 0011110011111100 0111111111111111
0111111111011001 0011111110001011 0111111111111111
0111111111011001 0100001000011010 0111111111111111
0111111010011101 0100010010101001 0111111111111111
0111111010011101 0100011100111000 0111111111111111
0111110000101010 0100100111000111 0111111111111111
0111100010000101 0100110001010110 0111111111111111
0111100010000101 0100111011100101 0111111111111111
0111001110110110 0101000101110100 0111111111111111
0110110111001010 0101010000000011 0111111111111111
0110110111001010 0101011010010010 0111111111111111
0110011011010000 0101100100100001 0111111111111111
0110011011010000 0101101110110000 0111111111111111
0101111011010111 0101111000111111 0111111111111111
0101010111110110 0110000011001110 0111111111111111
0101010111110110 0110001101011101 0111111111111111
0100110001000000 0110010111101100 0111111111111111
0100000111001110 0110100001111011 0111111111111111
0100000111001110 0110101100001010 0111111111111111
0011011010111010 0110110110011001 0111111111111111
0010101100011111 0111000000101000 0111111111111111
0010101100011111 0111001010110111 0111111111111111
0001111100011010 0111010101000110 0111111111111111
0001111100011010 0111011111010101 0111111111111111
0001001011001000 0111101001100100 0111111111111111
0000011001001000 0111110011110011 0111111111111111
0000011001001000 0111111110000010 0111111111111111
1111100110111000 1000001000010001 1000000000000001
1110110100111000 1000010010100000 1000000000000001
1110110100111000 1000011100101111 1000000000000001
1110000011100110 1000100110111110 1000000000000001
1101010011100001 1000110001001101 1000000000000001
1101010011100001 1000111011011100 1000000000000001
1100100101000110 1001000101101011 1000000000000001
1100100101000110 1001001111111010 1000000000000001
1011111000110010 1001011010001001 1000000000000001
1011001111000000 1001100100011000 1000000000000001
1011001111000000 1001101110100111 1000000000000001
1010101000001010 1001111000110110 1000000000000001
1010000100101001 1010000011000101 1000000000000001
1010000100101001 1010001101010100 1000000000000001
1001100100110000 1010010111100011 1000000000000001
1001001000110110 1010100001110010 1000000000000001
1001001000110110 1010101100000001 1000000000000001
1000110001001010 1010110110010000 1000000000000001
1000011101111011 1011000000011111 1000000000000001
1000011101111011 1011001010101110 1000000000000001
1000001111010110 1011010100111101 1000000000000001
1000001111010110 1011011111001100 1000000000000001
1000000101100011 1011101001011011 1000000000000001
1000000000100111 1011110011101010 1000000000000001
1000000000100111 1011111101111001 1000000000000001
1000000000100111 1100001000001000 1000000000000001
1000000101100011 1100010010010111 1000000000000001
1000000101100011 1100011100100110 1000000000000001
1000001111010110 1100100110110101 1000000000000001
1000011101111011 1100110001000100 1000000000000001
1000011101111011 1100111011010011 1000000000000001
1000110001001010 1101000101100010 1000000000000001
1000110001001010 1101001111110001 1000000000000001
1001001000110110 1101011010000000 1000000000000001
1001100100110000 1101100100001111 1000000000000001
1001100100110000 1101101110011110 1000000000000001
1010000100101001 1101111000101101 1000000000000001
1010101000001010 1110000010111100 1000000000000001
1010101000001010 1110001101001011 1000000000000001
1011001111000000 1110010111011010 1000000000000001
1011111000110010 1110100001101001 1000000000000001
1011111000110010 1110101011111000 1000000000000001
1100100101000110 1110110110000111 1000000000000001
1101010011100001 1111000000010110 1000000000000001
1101010011100001 1111001010100101 1000000000000001
1110000011100110 1111010100110100 1000000000000001
1110000011100110 1111011111000011 1000000000000001
1110110100111000 1111101001010010 1000000000000001
1111100110111000 1111110011100001 1000000000000001
1111100110111000 1111111101110000 1000000000000001
0000011001001000 0000000111111111 0111111111111111
0001001011001000 0000010010001110 0111111111111111
0001001011001000 0000011100011101 0111111111111111
0001111100011010 0000100110101100 0111111111111111
0010101100011111 0000110000111011 0111111111111111
0010101100011111 0000111011001010 0111111111111111
0011011010111010 0001000101011001 0111111111111111
0011011010111010 0001001111101000 0111111111111111
0100000111001110 0001011001110111 0111111111111111
0100110001000000 0001100100000110 0111111111111111
0100110001000000 0001101110010101 0111111111111111
0101010111110110 0001111000100100 0111111111111111
0101111011010111 0010000010110011 0111111111111111
0101111011010111 0010001101000010 0111111111111111
0110011011010000 0010010111010001 0111111111111111
0110110111001010 0010100001100000 0111111111111111
0110110111001010 0010101011101111 0111111111111111
0111001110110110 0010110101111110 0111111111111111
0111100010000101 0011000000001101 0111111111111111
0111100010000101 0011001010011100 0111111111111111
0111110000101010 0011010100101011 0111111111111111
0111110000101010 0011011110111010 0111111111111111
0111111010011101 0011101001001001 0111111111111111
0111111111011001 0011110011011000 0111111111111111
0111111111011001 0011111101100111 0111111111111111
0111111111011001 0100000111110110 0111111111111111
0111111010011101 0100010010000101 0111111111111111
0111111010011101 0100011100010100 0111111111111111
0111110000101010 0100100110100011 0111111111111111
0111100010000101 0100110000110010 0111111111111111
0111100010000101 0100111011000001 0111111111111111
0111001110110110 0101000101010000 0111111111111111
0111001110110110 0101001111011111 0111111111111111
0110110111001010 0101011001101110 0111111111111111
0110011011010000 0101100011111101 0111111111111111
0110011011010000 0101101110001100 0111111111111111
0101111011010111 0101111000011011 0111111111111111
0101010111110110 0110000010101010 0111111111111111
0101010111110110 0110001100111001 0111111111111111
0100110001000000 0110010111001000 0111111111111111
0100000111001110 0110100001010111 0111111111111111
0100000111001110 0110101011100110 0111111111111111
0011011010111010 0110110101110101 0111111111111111
0010101100011111 0111000000000100 0111111111111111
0010101100011111 0111001010010011 0111111111111111
0001111100011010 0111010100100010 0111111111111111
0001111100011010 0111011110110001 0111111111111111
0001001011001000 0111101001000000 0111111111111111
0000011001001000 0111110011001111 0111111111111111
0000011001001000 0111111101011110 0111111111111111
1111100110111000 1000000111101101 1000000000000001
1110110100111000 1000010001111100 1000000000000001
1110110100111000 1000011100001011 1000000000000001
1110000011100110 1000100110011010 1000000000000001
1101010011100001 1000110000101001 1000000000000001
1101010011100001 1000111010111000 1000000000000001
1100100101000110 1001000101000111 1000000000000001
1100100101000110 1001001111010110 1000000000000001
1011111000110010 1001011001100101 1000000000000001
1011001111000000 1001100011110100 1000000000000001
1011001111000000 1001101110000011 1000000000000001
1010101000001010 1001111000010010 1000000000000001
1010000100101001 1010000010100001 1000000000000001
1010000100101001 1010001100110000 1000000000000001
1001100100110000 1010010110111111 1000000000000001
1001001000110110 1010100001001110 1000000000000001
1001001000110110 1010101011011101 1000000000000001
1000110001001010 1010110101101100 1000000000000001
1000110001001010 1010111111111011 1000000000000001
1000011101111011 1011001010001010 1000000000000001
1000001111010110 1011010100011001 1000000000000001
1000001111010110 1011011110101000 1000000000000001
1000000101100011 1011101000110111 1000000000000001
1000000000100111 1011110011000110 1000000000000001
1000000000100111 1011111101010101 1000000000000001
1000000000100111 1100000111100100 1000000000000001
1000000101100011 1100010001110011 1000000000000001
1000000101100011 1100011100000010 1000000000000001
1000001111010110 1100100110010001 1000000000000001
1000011101111011 1100110000100000 1000000000000001
1000011101111011 1100111010101111 1000000000000001
1000110001001010 1101000100111110 1000000000000001
1000110001001010 1101001111001101 1000000000000001
1001001000110110 1101011001011100 1000000000000001
1001100100110000 1101100011101011 1000000000000001
1001100100110000 1101101101111010 1000000000000001
1010000100101001 1101111000001001 1000000000000001
1010101000001010 1110000010011000 1000000000000001
1010101000001010 1110001100100111 1000000000000001
1011001111000000 1110010110110110 1000000000000001
1011111000110010 1110100001000101 1000000000000001
1011111000110010 1110101011010100 1000000000000001
1100100101000110 1110110101100011 1000000000000001
1100100101000110 1110111111110010 1000000000000001
1101010011100001 1111001010000001 1000000000000001
1110000011100110 1111010100010000 1000000000000001
1110000011100110 1111011110011111 1000000000000001
1110110100111000 1111101000101110 1000000000000001
1111100110111000 1111110010111101 1000000000000001
1111100110111000 1111111101001100 1000000000000001
0000011001001000 0000000111011011 0111111111111111
