0000100000001000
0001000000001100
0001011111111111
0001111111010100
0010011110001110
0010111100100001
0011011001111110
0011110110101010
0100010010011000
0100101100111011
0101000110010111
0101011110100001
0101110101001101
0110001010100000
0110011110001111
0110110000010010
0111000000101011
0111001111010010
0111011100000010
0111100110111100
0111101111111011
0111110110111011
0111111011111110
0111111110111111
0111111111111111
0111111110111111
0111111011111110
0111110110111011
0111101111111011
0111100110111100
0111011100000010
0111001111010010
0111000000101011
0110110000010010
0110011110001111
0110001010100000
0101110101001101
0101011110100001
0101000110010111
0100101100111011
0100010010011000
0011110110101010
0011011001111110
0010111100100001
0010011110001110
0001111111010100
0001011111111111
0001000000001100
0000100000001000
0000000000000011
1111011111111000
1110111111110100
1110100000000001
1110000000101100
1101100001110010
1101000011011111
1100100110000010
1100001001010110
1011101101101000
1011010011000101
1010111001101001
1010100001011111
1010001010110011
1001110101100000
1001100001110001
1001001111101110
1000111111010101
1000110000101110
1000100011111110
1000011001000100
1000010000000101
1000001001000101
1000000100000010
1000000001000001
1000000000000001
1000000001000001
1000000100000010
1000001001000101
1000010000000101
1000011001000100
1000100011111110
1000110000101110
1000111111010101
1001001111101110
1001100001110001
1001110101100000
1010001010110011
1010100001011111
1010111001101001
1011010011000101
1011101101101000
1100001001010110
1100100110000010
1101000011011111
1101100001110010
1110000000101100
1110100000000001
1110111111110100
1111011111111000
1111111111111101
0000100000001000
0001000000001100
0001011111111111
0001111111010100
0010011110001110
0010111100100001
0011011001111110
0011110110101010
0100010010011000
0100101100111011
0101000110010111
0101011110100001
0101110101001101
0110001010100000
0110011110001111
0110110000010010
0111000000101011
0111001111010010
0111011100000010
0111100110111100
0111101111111011
0111110110111011
0111111011111110
0111111110111111
0111111111111111
0111111110111111
0111111011111110
0111110110111011
0111101111111011
0111100110111100
0111011100000010
0111001111010010
0111000000101011
0110110000010010
0110011110001111
0110001010100000
0101110101001101
0101011110100001
0101000110010111
0100101100111011
0100010010011000
0011110110101010
0011011001111110
0010111100100001
0010011110001110
0001111111010100
0001011111111111
0001000000001100
0000100000001000
0000000000000011
1111011111111000
1110111111110100
1110100000000111
1110000000101100
1101100001110010
1101000011011111
1100100110000010
1100001001010110
1011101101101000
1011010011000101
1010111001101001
1010100001011111
1010001010110011
1001110101100000
1001100001110001
1001001111101110
1000111111010101
1000110000101110
1000100011111110
1000011001000100
1000010000000101
1000001001000101
1000000100000010
1000000001000001
1000000000000001
1000000001000001
1000000100000010
1000001001000100
1000010000000101
1000011001000100
1000100011111110
1000110000101110
1000111111010101
1001001111101110
1001100001110001
1001110101100000
1010001010110011
1010100001011111
1010111001101001
1011010011000101
1011101101101000
1100001001010110
1100100110000010
1101000011011111
1101100001110010
1110000000101100
1110100000000001
1110111111110100
1111011111111000
1111111111111101
0000100000001000
0001000000001100
0001011111111001
0001111111010100
0010011110001110
0010111100100001
0011011001111110
0011110110101010
0100010010011000
0100101100111011
0101000110010111
0101011110100001
0101110101001101
0110001010100000
0110011110001111
0110110000010010
0111000000101011
0111001111010010
0111011100000010
0111100110111100
0111101111111011
0111110110111011
0111111011111110
0111111110111111
0111111111111111
0111111110111111
0111111011111110
0111110110111100
0111101111111011
0111100110111100
0111011100000010
0111001111010010
0111000000101011
0110110000010010
0110011110001111
0110001010100000
0101110101001101
0101011110100001
0101000110010111
0100101100111011
0100010010011000
0011110110101010
0011011001111110
0010111100100001
0010011110001110
0001111111010100
0001011111111111
0001000000001100
0000100000001000
0000000000000011
1111011111111000
1110111111110100
1110100000000111
1110000000101100
1101100001110010
1101000011011111
1100100110000010
1100001001010110
1011101101101000
1011010011000101
1010111001101001
1010100001011111
1010001010110011
1001110101100000
1001100001110001
1001001111101110
1000111111010101
1000110000101110
1000100011111110
1000011001000100
1000010000000101
1000001001000101
1000000100000010
1000000001000001
1000000000000001
1000000001000001
1000000100000010
1000001001000100
1000010000000101
1000011001000100
1000100011111100
1000110000101110
1000111111010101
1001001111101110
1001100001110001
1001110101100000
1010001010110011
1010100001011111
1010111001101001
1011010011000101
1011101101101000
1100001001010110
1100100110000010
1101000011011111
1101100001110010
1110000000101100
1110100000000001
1110111111110100
1111011111111000
1111111111111101
0000100000001000
0001000000001100
0001011111111001
0001111111010100
0010011110001110
0010111100011011
0011011001111110
0011110110101010
0100010010011000
0100101100111011
0101000110010111
0101011110100001
0101110101001101
0110001010100000
0110011110001111
0110110000010010
0111000000101011
0111001111010010
0111011100000010
0111100110111100
0111101111111011
0111110110111011
0111111011111110
0111111110111111
0111111111111111
0111111110111111
0111111011111110
0111110110111100
0111101111111011
0111100110111100
0111011100000100
0111001111010010
0111000000101011
0110110000010010
0110011110001111
0110001010100000
0101110101001101
0101011110100001
0101000110010111
0100101100111011
0100010010011000
0011110110101010
0011011001111110
0010111100100001
0010011110001110
0001111111010100
0001011111111111
0001000000001100
0000100000001000
0000000000000011
1111011111111000
1110111111110100
1110100000000111
1110000000101100
1101100001110010
1101000011100101
1100100110000010
1100001001010110
1011101101101000
1011010011000101
1010111001101001
1010100001011111
1010001010110011
1001110101100000
1001100001110001
1001001111101110
1000111111010101
1000110000101110
1000100011111110
1000011001000100
1000010000000101
1000001001000101
1000000100000010
1000000001000001
1000000000000001
1000000001000001
1000000100000010
1000001001000100
1000010000000101
1000011001000100
1000100011111100
1000110000101110
1000111111010101
1001001111101110
1001100001110001
1001110101100000
1010001010110011
1010100001011111
1010111001101001
1011010011000101
1011101101101000
1100001001010110
1100100110000010
1101000011011111
1101100001110010
1110000000101100
1110100000000001
1110111111110100
1111011111111000
1111111111111101
0000100000001000
0001000000001100
0001011111111001
0001111111010100
0010011110001110
0010111100011011
0011011001111110
0011110110101010
0100010010010011
0100101100111011
0101000110010111
0101011110100001
0101110101001101
0110001010100000
0110011110001111
0110110000010010
0111000000101011
0111001111010010
0111011100000010
0111100110111100
0111101111111011
0111110110111011
0111111011111110
0111111110111111
0111111111111111
0111111110111111
0111111011111110
0111110110111100
0111101111111011
0111100110111100
0111011100000100
0111001111010010
0111000000101011
0110110000010101
0110011110001111
0110001010100000
0101110101001101
0101011110100001
0101000110010111
0100101100111011
0100010010011000
0011110110101010
0011011001111110
0010111100100001
0010011110001110
0001111111010100
0001011111111111
0001000000001100
0000100000001000
0000000000000011
1111011111111000
1110111111110100
1110100000000111
1110000000101100
1101100001110010
1101000011100101
1100100110000010
1100001001010110
1011101101101101
1011010011000101
1010111001101001
1010100001011111
1010001010110011
1001110101100000
1001100001110001
1001001111101110
1000111111010101
1000110000101110
1000100011111110
1000011001000100
1000010000000101
1000001001000101
1000000100000010
1000000001000001
1000000000000001
1000000001000001
1000000100000010
1000001001000100
1000010000000101
1000011001000100
1000100011111100
1000110000101110
1000111111010101
1001001111101011
1001100001110001
1001110101100000
1010001010110011
1010100001011111
1010111001101001
1011010011000101
1011101101101000
1100001001010110
1100100110000010
1101000011011111
1101100001110010
1110000000101100
1110100000000001
1110111111110100
1111011111111000
1111111111111101
0000100000001000
