0111111110000000
0011000111000100
1011101001101000
0000000001100011
0010000001101000
1100111010000000
0101001011011110
1111000110000011
0000101010100000
0001110011011100
0011010001010000
1110111110000010
1110100111111010
1101111010011000
0000101000010000
0011000100000110
1101001111111101
1110111110110001
0100010000100110
0000110110011001
0011011110111000
1100100010000011
0010101101011101
1111101110010110
1100111000001110
0001001011110110
1110001000010111
1110011001110000
0101010101111000
1100110011010001
0100100111101000
0010101000111000
1111010100001010
1101101010110110
0001000100000000
0011000001100011
0001111010110111
0001000011111100
1100001101101000
1100100001010111
0011101101011100
1110000001010000
0011100111011100
1110100010101001
0011100101001101
1110111011110010
0100100100010000
1010101001000110
0001110011110100
0000100011100110
1011111100000010
0100010000000000
0010101011111111
1111011010111110
0010001011110110
1100101101110100
0001000100100010
1110010000000000
0000000110110010
0010100100110101
1101111001010101
1110011101000000
0000101001110101
1110111010111000
1110111111101101
0100111100010010
1101011101001000
1101001011101000
0100001111111110
1111010001110100
0011101011111001
0011111001001000
0100000011100000
0011011000001010
1101111110100001
0010010110011000
0011010010011111
0000010000001110
0001100111000110
0010011011111000
1110110100001111
1111111110000110
0010101110000000
1110010111001100
1110111110001110
0101110000101101
0000001111101000
0010011000001100
0011010100010110
0100100100001101
0001000100011100
1010010001010011
1010000100010000
0000101100000100
1101110010110101
0000110001110010
0100100000101110
1111100001010110
0000000110001101
1100001111111110
0001000011001001
0000111101110110
1101111111010110
0001110100101000
1111110110100110
1011001101100111
0100110000010110
1111010000000010
1111011110101001
1100110111000100
0000110110110000
1101111110010100
0000111000101100
1101000111110100
1011101010010010
1110010000000000
0011001100111110
1111100111111101
0001100001111010
0000111010110100
0000100111010100
1111000110111101
0100011000101101
0000111111111001
1011110011100100
1110001100001000
1111010110010010
1111111001100111
1101101110110011
0000101100100011
0000001101010010
0001101100111110
1110110110110110
1100111100001100
0001001011111001
1110101001011111
1101100110001010
1111100100111011
1100011111110000
0000001000001100
0001001110010100
0010011100011000
0010110011010100
1010100111001111
1110001000011100
1111101011001100
0100101000110010
1110100111101011
0000111000010001
1100110111110010
1101000010001110
0011100100111100
1110111100101000
1101101101100001
1111100001101100
1110000100011000
0000111100001100
1101111000100000
0011111000110001
1011101010100010
0010010010001110
0000000110000000
1111100110101111
0001100001111100
0000000001111001
1101101100001010
0010111010010100
1100010100111000
1110001001000110
1110100100101010
0011011100101100
1100011111000110
0001000011110110
0000011100111111
0001110111111000
0010111010000000
1100011000010011
0010101110000000
0000100101001010
0001001011010000
0000011101000000
1111111111111000
0010100000100111
0011001100100000
1110110000110010
1100011000011110
1100010110100000
0001101000110100
0010111111010000
1111111110011111
0000111001100100
0101110010000111
1110000101101010
0011011101111010
1101011000110101
1100111111110100
0010100111010010
0100011111111100
0000101100001110
1101000010001000
1101100010100000
0011101110111100
0011101101111110
1101100101010000
1101001101000000
1100111011001010
0010011101011100
0001000010001000
0001010010001000
1111001000001000
1101010011111001
0001011011111011
0010000111010100
1111100101001000
0010100010100110
0000011110100111
1100000001001111
0011101011011110
0100101101011000
0100000010110000
0001111001100000
1110001010100100
0011010100111000
1100101111011100
1111001010001000
1101010110100011
1101001010110111
1110100100010100
1100100001011011
0011001101101010
0001100101010110
0011011101011000
1111110100000010
1111011001110000
0001010000110111
0000010010000000
1111001100101101
0010110111011010
1110100111101011
1110101100101011
0100001010001100
1111101110011110
1100110101101110
1101100001101000
0101101000010110
1011111001000011
1110101001100010
0010010001011011
0001011110010000
0011111111111101
1111010100000100
0000110000010001
1101011100111010
1111110000110000
1001010110101110
0100010011011110
1110101110000000
0010101010100100
1110011010100101
1111110010101000
0011011001011100
1101001101001100
1100100000000110
1100000000001101
1111001101110010
1111011010000100
1111000010010010
0011010100011001
0000111010111011
1010100010010110
1111110011101100
1101101000010010
0010010010000000
1100101001001000
0000111010001110
1101101010110000
1011100110100100
1111110111001110
0001101010001011
0001111100100000
0010011110010001
1111101100001010
0000001111000000
1110100011101000
1101110110001000
1101001000001100
1011110011010100
0011000101011010
0101000101100000
1100101011101000
1111010000011110
0001100010001010
1101101010001101
0100000110001100
1110010110001000
1111011111101100
1100100100010000
0011111010101110
0001010011101101
0001001100100110
1111001010110000
0011010000111000
1110011100010000
1111011111100000
0011111100010000
1110011000010100
1100010100100101
0001101110011000
1010011010010010
1100010101000001
0000111100111101
1101101001001110
0001000001101101
0001100000001110
0000110010010100
0001101011110001
0011100110110111
1101101010110000
1111111111011000
1100011001011000
0000010010100000
1111010001000100
0011000110111000
1111011111010000
1110011010110000
1111111111000111
0100001000100000
1111111100111110
0010111111001110
1101001001000110
1101100001100000
1110000111100000
1111100111110001
1111111001110111
1111010000101000
0001100010101101
1101101010101000
0000011001010001
1101010000000000
1110101001110100
1100100111100100
1101111011010110
0000101011011000
1010110101110111
1011001101101101
1110100110100000
0001011001110000
0011100001011010
1100010011001110
0101101101010000
1100100010101110
0010000101011001
0001101101010110
0011111011101101
1100110100000000
1110010110110110
1111010011111001
1101010101001001
1111101100111100
0000010011011010
1101101001010010
0001001110110000
0100011010011111
0010101010110000
0001000110011000
0001001111110011
1011101101110101
1101110111111010
0010111000011000
1011110011101010
1100000111101000
0001000000000000
0000001110010010
1111110111000001
0000000100110100
0010011010000000
0010101100111100
1101010101111000
1101000100010000
0001100110101001
0000111111011100
1100101011101000
1111111011100111
1111101111111110
0000011011011110
0001011000001000
0010010011000000
0010111001000100
1111010000000010
1010000110011000
0001110111111000
1110000101100011
0011001001111111
1111100011101000
0011101001011101
1101100101010000
1101010101101100
0011011110001000
1010110100101010
0000101001011101
0001111010100000
1111100010100110
1110101110100101
0101100000000000
1111001111010000
1100101101101011
1101000000001001
1111010000000011
1110101011100001
0001110110011100
1110111001000100
1111010111000111
1101110001000100
1111001000101101
1110110011010011
0010001110010011
1100101010000000
1110000111101000
1100000010110000
0000010100011001
0010000011100100
1100111010011001
0000101101101100
0001001111101010
0000011110100110
0100010010000000
0011001110101010
1110111011011100
1110110000110110
1111111111011001
1100111111001010
0001100110001000
1111100001000000
0000111101110011
1111010110110100
0000010101100000
1111001010010111
0000001100100111
0010001010011100
0001001111100011
1100111011001010
1111100110001100
1101101110111110
1110101000010010
0000111100100100
0001111100000110
1100001001110000
0001110110011011
0100001011100011
1101010000001011
0010111000111000
1101010111011001
0000010011000000
0000100010111100
1101001000110000
1101010001011101
0010011110101110
0001101111000011
1101110001001110
1100100010101000
0000011100001100
1100010001100100
0001100101101010
0000011101100111
1101111100100100
0100001111100101
0001101010001000
0100000010111100
1100011000011001
1101101101111000
0001010100101010
0011010100111001
0010100100100111
1111110010110111
1111001100001100
0000101001011110
0001011010111100
0010111011000010
0000011001111101
1111111000011110
0000001101000000
1110110110011100
0000101011001100
0011000100111010
0010110110111100
0010100101110110
0011101100011000
0000111111110000
1011111101110100
1000000100000000
1101111110001000
0001001110000000
1110000111000000
0001111001000000
1111000101011100
0000100110011000
0100001100110111
1110110010001011
1111011111000000
0100110000110000
1100110010010000
1100111100100011
0000101001100000
0010101101010010
1110010100010110
0100011000011000
0000111110011010
1111011100110100
1101000010101000
0011011110110000
1100110001111000
1111011101010010
0000100011110111
0000100010000101
0010100011111110
1110100110111000
1111101010101110
0001110001100111
0001110011011101
0011111110000101
0000110110001100
0000000101111110
0001000011000000
1100111111011001
1100010010100100
1100110101110101
0011011001011010
1111001011010100
0010011111101000
0000111111110011
0011011011100100
0011000011111000
1101010011110101
1101001010011110
0001011100010000
0001000111110000
0100011111000101
0000011010010100
1011011001011000
0001011111110000
1100111101111100
1111110100100111
0001101100000000
0010111010010100
0000111011000010
1101110011110010
1110101011000111
1110101101101010
1100011010010000
0011010000000100
0101011111111100
1011000011001010
1101100101011000
0000100001111001
1101111100010100
1010001001100000
0001110100000000
1110000111010111
0010000100101001
1100100100000000
1110111110110101
0000011001010000
1111101010011010
0001010100000000
0001010010010000
1101101110000101
1100101000010100
0000100011011110
1110010100000001
0001001111000010
0010110100110000
1100101011010000
0110000101010011
1110110010000110
0000111101100010
0010110100010100
1011111001010110
0000111100010010
0011001101010101
1100000110100000
0010101000001000
1111000010101011
1110110000000000
0100101111001000
1100001011110000
1010100001101110
0001010010101101
1111110001111100
0110000010011000
0011111010101100
0000100010001101
1110111001011110
1110001111111101
0100010001000000
0000001000001110
0010110011111100
1101010011100001
0011000101001000
1110110011100001
0010010011000000
0100011010001010
1111011001010000
1101100001100000
0000111100110010
0000010001111100
0010001111010100
1011001010001011
0010100110011000
0100100000010000
0000001000010110
1111000100101000
1110110000000111
1101000000101000
0100000001010101
0001101110100011
1101010111110111
1111110011101000
1110011100111010
1100100011111000
1010000101111000
1111111101001100
1110011111010010
1110010010001111
0000011000001100
1101010111011011
1110011111000000
0011101000110000
1110010101101100
1111101011000000
1111101110011000
1111011100110001
1101011000111001
1101101010110111
0001001001111100
1011010110101011
0000011100100110
0100000101001010
1111101111010100
0010111010110011
0100110011110101
0010100010110000
0001101111011011
0011010010011110
1011011010010100
1100001011010100
0011011000001111
0000001101010101
0000010101111100
1110110100000010
1110100010110010
1110110101000100
1101101000011010
1100000001110010
1101000001101010
1111111101001000
1110011101110000
0101101010110000
0010111001110101
0100111101011100
1110001101001011
1111011101001011
0010101001000000
0101111011101100
0000110100101000
0100101110101010
0001101110101010
0011110100000000
0011000101110001
0011001110100101
0100001110010010
0000111101011111
1111111110101101
1110110001010010
0001111100010111
1011101101001010
1111001000111100
1111100011001101
1111111101000100
1111101001000011
0000110100110001
0010100010001000
1011111110111100
1101100000100000
1110100100111110
0011000001010100
0001000010111110
1110100100100100
1010101101001011
0000111110011001
0011000110010100
0010100101010010
0010111100110110
1011111100011011
0010101000011101
0011000111000101
1100000001100000
0010011110110110
0011000010101000
1110111011010001
1010111111101000
0000000001001111
0001111000000111
0000100010111000
1111010110111011
0000001101001000
1011101001111100
1110011110000010
0010010010110000
0000111100111010
1011101100110111
0010010001001000
1100001010001000
0000001011110010
0010101000101010
1101001011101111
1101011010100100
1110001010000100
0101011001100011
0001111101010111
1110111010010110
0001010100110110
1101100100001010
0011011010110100
1110101000101100
1101111010001100
1110110010000110
1110101011001010
0100010101111010
0011001011010100
1111101000100111
0010101010001100
0010011100111010
0011001100111111
1010100110010100
1111100100110010
1010010100000101
0010001100101100
1110101001011010
1110111000011001
1101110100100000
1101001001001010
0000001000101110
1011010100100100
1100000100101111
1100001001011001
1011110101011110
1101001000111000
1110110100101110
0011000001000010
1110111000111000
1101001000101100
0001010111110101
0101001101110000
1101001100100110
1100011010001000
1101100001110100
1101001111110001
0101000101000011
1110101111011011
0001001000111000
0001101000111101
0010000101001110
0000110000000100
0011011011000000
0001010011111000
0010111100101000
1100101110001100
1110100011011100
1011001101001100
0001110110110010
0000001000010010
0010001110010100
0001111110101100
1101110111111011
0001000100001001
0001110101110010
1110110001101001
0001000100010100
0001001001011110
1111000001100000
1101001011001100
1101000111011011
0011010100001000
0010100100001000
0101000011111000
1101001111001100
0001100110000000
0011011110000000
0000110110101000
0000010010111010
1111010000010000
0000010101110100
0001101110000011
1110001001001101
1101000111110000
0001101111110100
1110001001011100
0011000001000000
1110011010101100
1010101100010000
0011001001011110
0011000010000010
0100110011100110
0001111100001000
1100010111001000
0010101001101010
0011110010110000
0011001110110010
0001100110001110
1011111011110000
0011101010000000
0110011110100001
0000111101010011
1111101111001000
0001000010000000
1111100010010000
1011010101000100
1110101110100100
0101011010111010
0000011010110010
1111100100111111
1110000110011000
1110111110101000
0010100110000001
0011010000100000
1110010001110011
0010001101111001
1110010010101100
0001100110001000
1101101100001100
1100010101100000
0011000111111101
0001101011101101
1110010001011011
0010001100100000
0000001000111110
0000010010111001
1110011010011000
0011000101100111
1100011110110000
1100101110011111
0001001101111100
1110100011000000
1110011001100100
0001011000001011
1111111111000100
0000010010010100
1100100100100101
1110011010100101
1100001101111001
1100010011111001
1111001000100000
1110110111100000
0100000111001100
1011011100100011
1111001011110000
0100000101111000
0001111010100100
1100000101001100
0000010100111110
0100001101100011
1110001100000000
0101011111010000
0001010001001100
0001000000010000
1010001100110101
0001001001010010
0001111010100011
0100100100001010
1110010010100000
0000101101011100
1101011000110000
1110011000010000
0100000011100100
0101110111101000
1111111000111011
0000011100000001
1111000110111000
0100011100000110
1011101000101001
1101100000010111
0011011001100101
1100010001001110
0000110100100100
0100110010010111
0001000010010011
1101001001010111
0000100011000010
0000001110000010
1111000000110100
1111101011011000
1101010011000111
0011010001010010
0011011000000110
1101110001111000
1111011100001001
0011001010111100
0010001011101111
0001000001111000
0000110001100000
1110011001011100
0000001010110000
1110100011001100
1110001111010011
0101011000111001
0101110011011000
0001111111001110
0100001000010001
1100111101111110
1111011000111000
0000010110011000
0011010111001010
0000110100101100
1101101011111110
0000100111100000
0000111110111000
0000000101011100
1010111101000111
0010100110011010
1100010000011110
1111010011010110
1010111000000010
0000101100010110
0011100101100100
1110111110100111
0011000111010010
0000100101101100
1111000101010000
1110111100111101
1101101100100010
0000011001011100
1100011111001100
0000101100011010
0001010010010100
0001011000111110
0011111100110111
1100000100100110
1110001010000110
0001101010001110
0010010000010100
1111101001001010
1101010101100010
1111001100101110
1101000100011010
1101100001000111
0010000101010000
1111100010011011
0001001010110000
0010110110000000
0010100100101110
1100010000000111
0001000100101000
1100100101010000
0100000000011000
0010011001000000
0010011111000110
1100011010110000
0010100011011000
0000111101000111
0001000101001011
1111100001110100
1100000101001100
0011000010001100
1101010101110000
1111011001011000
0001100100110000
0101010100101110
0001011111001100
0011111000100000
1110011101100100
1011101110110010
0001101001001010
1010110111110101
0011100110101000
1111000100011110
0001111001001100
0010001000011100
1111101011001110
0010111110000111
0001010001001010
1111100011101011
1110000001000100
1110101000001110
0001101011101111
1100000110111001
1011101110100001
0011001000010100
1110001001000110
1100001010000000
1100111101101110
1101111001010010
1111110011111100
0000110100100010
1111110000011100
0000101011101101
1101000110000110
0000010010001010
1110101011001010
1011110000110100
0001001101010000
