0
4106
8148
12062
15785
19259
22430
25247
27666
29648
31163
32186
32702
32702
32186
31163
29648
27666
25247
22430
19259
15785
12062
8148
4106
-1
-4107
-8149
-12063
-15786
-19260
-22431
-25248
-27667
-29649
-31164
-32187
-32703
-32703
-32187
-31164
-29649
-27667
-25248
-22431
-19260
-15786
-12063
-8149
-4107
0
4106
8148
12062
15785
19259
22430
25247
27666
29648
31163
32186
32702
32702
32186
31163
29648
27666
25247
22430
19259
15785
12062
8148
4106
-1
-4107
-8149
-12063
-15786
-19260
-22431
-25248
-27667
-29649
-31164
-32187
-32703
-32703
-32187
-31164
-29649
-27667
-25248
-22431
-19260
-15786
-12063
-8149
-4107
0
4106
8148
12062
15785
19259
22430
25247
27666
29648
31163
32186
32702
32702
32186
31163
29648
27666
25247
22430
19259
15785
12062
8148
4106
-1
-4107
-8149
-12063
-15786
-19260
-22431
-25248
-27667
-29649
-31164
-32187
-32703
-32703
-32187
-31164
-29649
-27667
-25248
-22431
-19260
-15786
-12063
-8149
-4107
0
4106
8148
12062
15785
19259
22430
25247
27666
29648
31163
32186
32702
32702
32186
31163
29648
27666
25247
22430
19259
15785
12062
8148
4106
-1
-4107
-8149
-12063
-15786
-19260
-22431
-25248
-27667
-29649
-31164
-32187
-32703
-32703
-32187
-31164
-29649
-27667
-25248
-22431
-19260
-15786
-12063
-8149
-4107
0
4106
8148
12062
15785
19259
22430
25247
27666
29648
31163
32186
32702
32702
32186
31163
29648
27666
25247
22430
19259
15785
12062
8148
4106
-1
-4107
-8149
-12063
-15786
-19260
-22431
-25248
-27667
-29649
-31164
-32187
-32703
-32703
-32187
-31164
-29649
-27667
-25248
-22431
-19260
-15786
-12063
-8149
-4107
0
4106
8148
12062
15785
19259
22430
25247
27666
29648
31163
32186
32702
32702
32186
31163
29648
27666
25247
22430
19259
15785
12062
8148
4106
-1
-4107
-8149
-12063
-15786
-19260
-22431
-25248
-27667
-29649
-31164
-32187
-32703
-32703
-32187
-31164
-29649
-27667
-25248
-22431
-19260
-15786
-12063
-8149
-4107
0
4106
8148
12062
15785
19259
22430
25247
27666
29648
31163
32186
32702
32702
32186
31163
29648
27666
25247
22430
19259
15785
12062
8148
4106
-1
-4107
-8149
-12063
-15786
-19260
-22431
-25248
-27667
-29649
-31164
-32187
-32703
-32703
-32187
-31164
-29649
-27667
-25248
-22431
-19260
-15786
-12063
-8149
-4107
0
4106
8148
12062
15785
19259
22430
25247
27666
29648
31163
32186
32702
32702
32186
31163
29648
27666
25247
22430
19259
15785
12062
8148
4106
-1
-4107
-8149
-12063
-15786
-19260
-22431
-25248
-27667
-29649
-31164
-32187
-32703
-32703
-32187
-31164
-29649
-27667
-25248
-22431
-19260
-15786
-12063
-8149
-4107
0
4106
8148
12062
15785
19259
22430
25247
27666
29648
31163
32186
32702
32702
32186
31163
29648
27666
25247
22430
19259
15785
12062
8148
4106
-1
-4107
-8149
-12063
-15786
-19260
-22431
-25248
-27667
-29649
-31164
-32187
-32703
-32703
-32187
-31164
-29649
-27667
-25248
-22431
-19260
-15786
-12063
-8149
-4107
0
4106
8148
12062
15785
19259
22430
25247
27666
29648
31163
32186
32702
32702
32186
31163
29648
27666
25247
22430
19259
15785
12062
8148
4106
-1
-4107
-8149
-12063
-15786
-19260
-22431
-25248
-27667
-29649
-31164
-32187
-32703
-32703
-32187
-31164
-29649
-27667
-25248
-22431
-19260
-15786
-12063
-8149
-4107
0
