0000000000000000000
0000000000000000000
0000000000000000000
0000000000000000000
0000000001001100000
0000000010100000011
0000000000101011011
0000000011000001001
1111111110111101111
1111111100101001100
0000000111111000111
1111100000100110101
0010000100000010110
0001100000110110000
0001011011101110100
0010010100111110101
1110010001111001010
1111001111110011100
1110111101100111100
1111000011000001100
1111000011000001100
1110111101100111100
1111001111110011100
1110010001111001010
0010010011110010100
0001011001001110000
0001100000001010101
0010000001000001100
1111100001101000101
0000001011001111011
1111110100110000100
0000011110010111010
1101111110111110011
1110011111110101010
1110100110110001111
1101101100001101011
0001101110000110101
0000110000001100011
0001000010011000011
0000111100111110011
0000111100111110011
0001000010011000011
0000110000001100011
0001101110000110101
1101101100001101011
1110100110110001111
1110011111110101010
1101111110111110011
0000011110010111010
1111110100110000100
0000001011001111011
1111100001101000101
0010000001000001100
0001100000001010101
0001011001001110000
0010010011110010100
1110010001111001010
1111001111110011100
1110111101100111100
1111000011000001100
1111000011000001100
1110111101100111100
1111001111110011100
1110010001111001010
0010010011110010100
0001011001001110000
0001100000001010101
0010000001000001100
1111100001101000101
0000001011001111011
1111110100110000100
0000011110010111010
1101111110111110011
1110011111110101010
1110100110110001111
1101101100001101011
0001101110000110101
0000110000001100011
0001000010011000011
0000111100111110011
0000111100111110011
0001000010011000011
0000110000001100011
0001101110000110101
1101101100001101011
1110100110110001111
1110011111110101010
1101111110111110011
0000011110010111010
1111110100110000100
0000001011001111011
1111100001101000101
0010000001000001100
0001100000001010101
0001011001001110000
0010010011110010100
1110010001111001010
1111001111110011100
1110111101100111100
1111000011000001100
1111000011000001100
1110111101100111100
1111001111110011100
1110010001111001010
0010010011110010100
0001011001001110000
0001100000001010101
0010000001000001100
1111100001101000101
0000001011001111011
1111110100110000100
0000011110010111010
1101111110111110011
1110011111110101010
1110100110110001111
1101101100001101011
0001101110000110101
0000110000001100011
0001000010011000011
0000111100111110011
0000111100111110011
0001000010011000011
0000110000001100011
0001101110000110101
1101101100001101011
1110100110110001111
1110011111110101010
1101111110111110011
0000011110010111010
1111110100110000100
0000001011001111011
1111100001101000101
0010000001000001100
0001100000001010101
0001011001001110000
0010010011110010100
1110010001111001010
1111001111110011100
1110111101100111100
1111000011000001100
1111000011000001100
1110111101100111100
1111001111110011100
1110010001111001010
0010010011110010100
0001011001001110000
0001100000001010101
0010000001000001100
1111100001101000101
0000001011001111011
1111110100110000100
0000011110010111010
1101111110111110011
1110011111110101010
1110100110110001111
1101101100001101011
0001101110000110101
0000110000001100011
0001000010011000011
0000111100111110011
0000111100111110011
0001000010011000011
0000110000001100011
0001101110000110101
1101101100001101011
1110100110110001111
1110011111110101010
1101111110111110011
0000011110010111010
1111110100110000100
0000001011001111011
1111100001101000101
0010000001000001100
0001100000001010101
0001011001001110000
0010010011110010100
1110010001111001010
1111001111110011100
1110111101100111100
1111000011000001100
1111000011000001100
1110111101100111100
1111001111110011100
1110010001111001010
0010010011110010100
0001011001001110000
0001100000001010101
0010000001000001100
1111100001101000101
0000001011001111011
1111110100110000100
0000011110010111010
1101111110111110011
1110011111110101010
1110100110110001111
1101101100001101011
0001101110000110101
0000110000001100011
0001000010011000011
0000111100111110011
0000111100111110011
0001000010011000011
0000110000001100011
0001101110000110101
1101101100001101011
1110100110110001111
1110011111110101010
1101111110111110011
0000011110010111010
1111110100110000100
0000001011001111011
1111100001101000101
0010000001000001100
0001100000001010101
0001011001001110000
0010010011110010100
1110010001111001010
1111001111110011100
1110111101100111100
1111000011000001100
1111000011000001100
1110111101100111100
1111001111110011100
1110010001111001010
0010010011110010100
0001011001001110000
0001100000001010101
0010000001000001100
1111100001101000101
0000001011001111011
1111110100110000100
0000011110010111010
1101111110111110011
1110011111110101010
1110100110110001111
1101101100001101011
0001101110000110101
0000110000001100011
0001000010011000011
0000111100111110011
0000111100111110011
0001000010011000011
0000110000001100011
0001101110000110101
1101101100001101011
1110100110110001111
1110011111110101010
1101111110111110011
0000011110010111010
1111110100110000100
0000001011001111011
1111100001101000101
0010000001000001100
0001100000001010101
0001011001001110000
0010010011110010100
1110010001111001010
1111001111110011100
1110111101100111100
1111000011000001100
1111000011000001100
1110111101100111100
1111001111110011100
1110010001111001010
0010010011110010100
0001011001001110000
0001100000001010101
0010000001000001100
1111100001101000101
0000001011001111011
1111110100110000100
0000011110010111010
1101111110111110011
1110011111110101010
1110100110110001111
1101101100001101011
0001101110000110101
0000110000001100011
0001000010011000011
0000111100111110011
0000111100111110011
0001000010011000011
0000110000001100011
0001101110000110101
1101101100001101011
1110100110110001111
1110011111110101010
1101111110111110011
0000011110010111010
1111110100110000100
0000001011001111011
1111100001101000101
0010000001000001100
0001100000001010101
0001011001001110000
0010010011110010100
1110010001111001010
1111001111110011100
1110111101100111100
1111000011000001100
1111000011000001100
1110111101100111100
1111001111110011100
1110010001111001010
0010010011110010100
0001011001001110000
0001100000001010101
0010000001000001100
1111100001101000101
0000001011001111011
1111110100110000100
0000011110010111010
1101111110111110011
1110011111110101010
1110100110110001111
1101101100001101011
0001101110000110101
0000110000001100011
0001000010011000011
0000111100111110011
0000111100111110011
0001000010011000011
0000110000001100011
0001101110000110101
1101101100001101011
1110100110110001111
1110011111110101010
1101111110111110011
0000011110010111010
1111110100110000100
0000001011001111011
1111100001101000101
0010000001000001100
0001100000001010101
0001011001001110000
0010010011110010100
1110010001111001010
1111001111110011100
1110111101100111100
1111000011000001100
1111000011000001100
1110111101100111100
1111001111110011100
1110010001111001010
0010010011110010100
0001011001001110000
0001100000001010101
0010000001000001100
1111100001101000101
0000001011001111011
1111110100110000100
0000011110010111010
1101111110111110011
1110011111110101010
1110100110110001111
1101101100001101011
0001101110000110101
0000110000001100011
0001000010011000011
0000111100111110011
0000111100111110011
0001000010011000011
0000110000001100011
0001101110000110101
1101101100001101011
1110100110110001111
1110011111110101010
1101111110111110011
0000011110010111010
1111110100110000100
0000001011001111011
1111100001101000101
0010000001000001100
0001100000001010101
0001011001001110000
0010010011110010100
1110010001111001010
1111001111110011100
1110111101100111100
1111000011000001100
1111000011000001100
1110111101100111100
1111001111110011100
1110010001111001010
0010010011110010100
0001011001001110000
0001100000001010101
0010000001000001100
1111100001101000101
0000001011001111011
1111110100110000100
0000011110010111010
1101111110111110011
1110011111110101010
1110100110110001111
1101101100001101011
0001101110000110101
0000110000001100011
0001000010011000011
0000111100111110011
0000111100111110011
