0000000000000000
0000000000000000
0000000000000000
0000000000000000
0001000000001010
0001000000001010
0001000000001010
0001000000001010
0001111111010100
0001111111010100
0001111111010100
0001111111010100
0010111100011110
0010111100011110
0010111100011110
0010111100011110
0011110110101001
0011110110101001
0011110110101001
0011110110101001
0100101100111011
0100101100111011
0100101100111011
0100101100111011
0101011110011110
0101011110011110
0101011110011110
0101011110011110
0110001010011111
0110001010011111
0110001010011111
0110001010011111
0110110000010010
0110110000010010
0110110000010010
0110110000010010
0111001111010000
0111001111010000
0111001111010000
0111001111010000
0111100110111011
0111100110111011
0111100110111011
0111100110111011
0111110110111010
0111110110111010
0111110110111010
0111110110111010
0111111110111110
0111111110111110
0111111110111110
0111111110111110
0111111110111110
0111111110111110
0111111110111110
0111111110111110
0111110110111010
0111110110111010
0111110110111010
0111110110111010
0111100110111011
0111100110111011
0111100110111011
0111100110111011
0111001111010000
0111001111010000
0111001111010000
0111001111010000
0110110000010010
0110110000010010
0110110000010010
0110110000010010
0110001010011111
0110001010011111
0110001010011111
0110001010011111
0101011110011110
0101011110011110
0101011110011110
0101011110011110
0100101100111011
0100101100111011
0100101100111011
0100101100111011
0011110110101001
0011110110101001
0011110110101001
0011110110101001
0010111100011110
0010111100011110
0010111100011110
0010111100011110
0001111111010100
0001111111010100
0001111111010100
0001111111010100
0001000000001010
0001000000001010
0001000000001010
0001000000001010
1111111111111111
1111111111111111
1111111111111111
1111111111111111
1110111111110101
1110111111110101
1110111111110101
1110111111110101
1110000000101011
1110000000101011
1110000000101011
1110000000101011
1101000011100001
1101000011100001
1101000011100001
1101000011100001
1100001001010110
1100001001010110
1100001001010110
1100001001010110
1011010011000100
1011010011000100
1011010011000100
1011010011000100
1010100001100001
1010100001100001
1010100001100001
1010100001100001
1001110101100000
1001110101100000
1001110101100000
1001110101100000
1001001111101101
1001001111101101
1001001111101101
1001001111101101
1000110000101111
1000110000101111
1000110000101111
1000110000101111
1000011001000100
1000011001000100
1000011001000100
1000011001000100
1000001001000101
1000001001000101
1000001001000101
1000001001000101
1000000001000001
1000000001000001
1000000001000001
1000000001000001
1000000001000001
1000000001000001
1000000001000001
1000000001000001
1000001001000101
1000001001000101
1000001001000101
1000001001000101
1000011001000100
1000011001000100
1000011001000100
1000011001000100
1000110000101111
1000110000101111
1000110000101111
1000110000101111
1001001111101101
1001001111101101
1001001111101101
1001001111101101
1001110101100000
1001110101100000
1001110101100000
1001110101100000
1010100001100001
1010100001100001
1010100001100001
1010100001100001
1011010011000100
1011010011000100
1011010011000100
1011010011000100
1100001001010110
1100001001010110
1100001001010110
1100001001010110
1101000011100001
1101000011100001
1101000011100001
1101000011100001
1110000000101011
1110000000101011
1110000000101011
1110000000101011
1110111111110101
1110111111110101
1110111111110101
1110111111110101
0000000000000000
0000000000000000
0000000000000000
0000000000000000
0001000000001010
0001000000001010
0001000000001010
0001000000001010
0001111111010100
0001111111010100
0001111111010100
0001111111010100
0010111100011110
0010111100011110
0010111100011110
0010111100011110
0011110110101001
0011110110101001
0011110110101001
0011110110101001
0100101100111011
0100101100111011
0100101100111011
0100101100111011
0101011110011110
0101011110011110
0101011110011110
0101011110011110
0110001010011111
0110001010011111
0110001010011111
0110001010011111
0110110000010010
0110110000010010
0110110000010010
0110110000010010
0111001111010000
0111001111010000
0111001111010000
0111001111010000
0111100110111011
0111100110111011
0111100110111011
0111100110111011
0111110110111010
0111110110111010
0111110110111010
0111110110111010
0111111110111110
0111111110111110
0111111110111110
0111111110111110
0111111110111110
0111111110111110
0111111110111110
0111111110111110
0111110110111010
0111110110111010
0111110110111010
0111110110111010
0111100110111011
0111100110111011
0111100110111011
0111100110111011
0111001111010000
0111001111010000
0111001111010000
0111001111010000
0110110000010010
0110110000010010
0110110000010010
0110110000010010
0110001010011111
0110001010011111
0110001010011111
0110001010011111
0101011110011110
0101011110011110
0101011110011110
0101011110011110
0100101100111011
0100101100111011
0100101100111011
0100101100111011
0011110110101001
0011110110101001
0011110110101001
0011110110101001
0010111100011110
0010111100011110
0010111100011110
0010111100011110
0001111111010100
0001111111010100
0001111111010100
0001111111010100
0001000000001010
0001000000001010
0001000000001010
0001000000001010
1111111111111111
1111111111111111
1111111111111111
1111111111111111
1110111111110101
1110111111110101
1110111111110101
1110111111110101
1110000000101011
1110000000101011
1110000000101011
1110000000101011
1101000011100001
1101000011100001
1101000011100001
1101000011100001
1100001001010110
1100001001010110
1100001001010110
1100001001010110
1011010011000100
1011010011000100
1011010011000100
1011010011000100
1010100001100001
1010100001100001
1010100001100001
1010100001100001
1001110101100000
1001110101100000
1001110101100000
1001110101100000
1001001111101101
1001001111101101
1001001111101101
1001001111101101
1000110000101111
1000110000101111
1000110000101111
1000110000101111
1000011001000100
1000011001000100
1000011001000100
1000011001000100
1000001001000101
1000001001000101
1000001001000101
1000001001000101
1000000001000001
1000000001000001
1000000001000001
1000000001000001
1000000001000001
1000000001000001
1000000001000001
1000000001000001
1000001001000101
1000001001000101
1000001001000101
1000001001000101
1000011001000100
1000011001000100
1000011001000100
1000011001000100
1000110000101111
1000110000101111
1000110000101111
1000110000101111
1001001111101101
1001001111101101
1001001111101101
1001001111101101
1001110101100000
1001110101100000
1001110101100000
1001110101100000
1010100001100001
1010100001100001
1010100001100001
1010100001100001
1011010011000100
1011010011000100
1011010011000100
1011010011000100
1100001001010110
1100001001010110
1100001001010110
1100001001010110
1101000011100001
1101000011100001
1101000011100001
1101000011100001
1110000000101011
1110000000101011
1110000000101011
1110000000101011
1110111111110101
1110111111110101
1110111111110101
1110111111110101
0000000000000000
