0001000000001100
0001111111010100
0010111100100001
0011110110101010
0100101100111011
0101011110100001
0110001010100000
0110110000010010
0111001111010010
0111100110111100
0111110110111011
0111111110111111
0111111110111111
0111110110111011
0111100110111100
0111001111010010
0110110000010010
0110001010100000
0101011110100001
0100101100111011
0011110110101010
0010111100100001
0001111111010100
0001000000001100
0000000000000011
1110111111110100
1110000000101100
1101000011011111
1100001001010110
1011010011000101
1010100001011111
1001110101100000
1001001111101110
1000110000101110
1000011001000100
1000001001000101
1000000001000001
1000000001000001
1000001001000101
1000011001000100
1000110000101110
1001001111101110
1001110101100000
1010100001011111
1011010011000101
1100001001010110
1101000011011111
1110000000101100
1110111111110100
1111111111111101
0001000000001100
0001111111010100
0010111100100001
0011110110101010
0100101100111011
0101011110100001
0110001010100000
0110110000010010
0111001111010010
0111100110111100
0111110110111011
0111111110111111
0111111110111111
0111110110111011
0111100110111100
0111001111010010
0110110000010010
0110001010100000
0101011110100001
0100101100111011
0011110110101010
0010111100100001
0001111111010100
0001000000001100
0000000000000011
1110111111110100
1110000000101100
1101000011011111
1100001001010110
1011010011000101
1010100001011111
1001110101100000
1001001111101110
1000110000101110
1000011001000100
1000001001000101
1000000001000001
1000000001000001
1000001001000100
1000011001000100
1000110000101110
1001001111101110
1001110101100000
1010100001011111
1011010011000101
1100001001010110
1101000011011111
1110000000101100
1110111111110100
1111111111111101
0001000000001100
